[gd_scene load_steps=12 format=3 uid="uid://bswt35i3mdia2"]

[ext_resource type="PackedScene" uid="uid://bccc60kguiumq" path="res://models/environment/hauses/hause_01.glb" id="1_qxaj6"]
[ext_resource type="PackedScene" uid="uid://d0pmvdh2x6vdy" path="res://models/environment/hauses/hause_02.glb" id="2_oblid"]
[ext_resource type="PackedScene" uid="uid://73dy0ra1qr10" path="res://models/environment/hauses/hause_03.glb" id="3_mcaep"]
[ext_resource type="PackedScene" uid="uid://dekaw42emu423" path="res://models/environment/hauses/hause_04.glb" id="4_b34xh"]
[ext_resource type="PackedScene" uid="uid://db00otcdgns0" path="res://models/environment/hauses/hause_05.glb" id="5_krb5r"]
[ext_resource type="PackedScene" uid="uid://bhswawgqhq802" path="res://models/environment/hauses/hause_06.glb" id="6_0h8hk"]
[ext_resource type="PackedScene" uid="uid://b7a51oyojt815" path="res://models/environment/hauses/hause_07.glb" id="7_k860l"]
[ext_resource type="PackedScene" uid="uid://cthjtpvg0btmj" path="res://models/environment/hauses/hause_08.glb" id="8_71861"]
[ext_resource type="PackedScene" uid="uid://bftuy1bsqtu48" path="res://models/environment/hauses/hause_09.glb" id="9_xgy1t"]
[ext_resource type="PackedScene" uid="uid://bu1cpdova3nvp" path="res://models/environment/hauses/hause_10.glb" id="10_6v6ex"]
[ext_resource type="PackedScene" uid="uid://3i5lfl77cki1" path="res://models/environment/hauses/hause_11.glb" id="11_m1hgg"]

[node name="LevelHauses" type="Node3D"]

[node name="Node3D" type="Node3D" parent="."]
transform = Transform3D(4, 0, 0, 0, 4, 0, 0, 0, 4, 0, -30.0282, 0)

[node name="hause_01" parent="Node3D" instance=ExtResource("1_qxaj6")]
transform = Transform3D(0.928168, 0.202977, -0.311937, 0, 0.838176, 0.5454, 0.372162, -0.506223, 0.777968, -20.631, -1.8955, 8.7971)

[node name="hause_02" parent="Node3D" instance=ExtResource("2_oblid")]
transform = Transform3D(0.868047, 0.0669026, 0.491954, -0.337424, 0.806363, 0.485719, -0.364198, -0.587624, 0.722535, 14.4678, -6.72431, 12.6641)

[node name="hause_03" parent="Node3D" instance=ExtResource("3_mcaep")]
transform = Transform3D(0.80159, -0.535657, 0.265566, 0.597812, 0.724508, -0.343086, -0.00862843, 0.433773, 0.900981, -2.82825, -6.09048, 26.3323)

[node name="hause_04" parent="Node3D" instance=ExtResource("4_b34xh")]
transform = Transform3D(0.652079, 0.618392, 0.438615, -0.523541, 0.78573, -0.329443, -0.548358, -0.0148098, 0.836112, 13.5285, -6.94665, 26.1769)

[node name="hause_05" parent="Node3D" instance=ExtResource("5_krb5r")]
transform = Transform3D(0.955577, 0.0572084, 0.289136, 3.72529e-09, 0.980982, -0.194097, -0.294741, 0.185475, 0.937404, -19.1171, -6.70047, -22.9614)

[node name="hause_06" parent="Node3D" instance=ExtResource("6_0h8hk")]
transform = Transform3D(0.930213, 0, 0.367021, 0, 1, 0, -0.367021, 0, 0.930213, -2.92627, -5.73222, -7.2767)

[node name="hause_07" parent="Node3D" instance=ExtResource("7_k860l")]
transform = Transform3D(0.927601, 0.25709, 0.271037, -0.267087, 0.963672, 0, -0.261191, -0.0723905, 0.962569, -2.77673, -5.65289, 14.177)

[node name="hause_08" parent="Node3D" instance=ExtResource("8_71861")]
transform = Transform3D(0.703758, 0.343068, -0.622116, -0.613693, 0.734728, -0.289061, 0.357918, 0.585217, 0.727609, 16.4499, -7.26571, -8.65683)

[node name="hause_09" parent="Node3D" instance=ExtResource("9_xgy1t")]
transform = Transform3D(0.932928, -0.165293, -0.319879, 1.49012e-08, 0.888401, -0.459068, 0.360062, 0.428278, 0.828815, -27.4418, -6.44875, -7.90344)

[node name="hause_10" parent="Node3D" instance=ExtResource("10_6v6ex")]
transform = Transform3D(0.875677, 0.413311, 0.249726, -0.472711, 0.839338, 0.268432, -0.0986585, -0.353108, 0.930366, 2.23868, -7.44763, -26.4813)

[node name="hause_11" parent="Node3D" instance=ExtResource("11_m1hgg")]
transform = Transform3D(0.45331, 0.158276, -0.877188, -0.329641, 0.944106, -1.49012e-08, 0.828159, 0.289157, 0.480147, -22.6965, -8.01907, 24.4621)

[node name="Node3D2" type="Node3D" parent="."]
transform = Transform3D(2.94623, 0, 2.7055, 0, 4, 0, -2.7055, 0, 2.94623, -290.829, -25.9467, -10)

[node name="hause_01" parent="Node3D2" instance=ExtResource("1_qxaj6")]
transform = Transform3D(0.928168, 0.202977, -0.311937, 0, 0.838176, 0.5454, 0.372162, -0.506223, 0.777968, -20.631, -1.8955, 8.7971)

[node name="hause_02" parent="Node3D2" instance=ExtResource("2_oblid")]
transform = Transform3D(0.868047, 0.0669026, 0.491954, -0.337424, 0.806363, 0.485719, -0.364198, -0.587624, 0.722535, 14.4678, -6.72431, 12.6641)

[node name="hause_03" parent="Node3D2" instance=ExtResource("3_mcaep")]
transform = Transform3D(0.80159, -0.535657, 0.265566, 0.597812, 0.724508, -0.343086, -0.00862843, 0.433773, 0.900981, -2.82825, -6.09048, 26.3323)

[node name="hause_04" parent="Node3D2" instance=ExtResource("4_b34xh")]
transform = Transform3D(0.652079, 0.618392, 0.438615, -0.523541, 0.78573, -0.329443, -0.548358, -0.0148098, 0.836112, 13.5285, -6.94665, 26.1769)

[node name="hause_05" parent="Node3D2" instance=ExtResource("5_krb5r")]
transform = Transform3D(0.955577, 0.0572084, 0.289136, 3.72529e-09, 0.980982, -0.194097, -0.294741, 0.185475, 0.937404, -19.1171, -6.70047, -22.9614)

[node name="hause_06" parent="Node3D2" instance=ExtResource("6_0h8hk")]
transform = Transform3D(0.930213, 0, 0.367021, 0, 1, 0, -0.367021, 0, 0.930213, -2.92627, -5.73222, -7.2767)

[node name="hause_07" parent="Node3D2" instance=ExtResource("7_k860l")]
transform = Transform3D(0.927601, 0.25709, 0.271037, -0.267087, 0.963672, 0, -0.261191, -0.0723905, 0.962569, -2.77673, -5.65289, 14.177)

[node name="hause_08" parent="Node3D2" instance=ExtResource("8_71861")]
transform = Transform3D(0.703758, 0.343068, -0.622116, -0.613693, 0.734728, -0.289061, 0.357918, 0.585217, 0.727609, 16.4499, -7.26571, -8.65683)

[node name="hause_09" parent="Node3D2" instance=ExtResource("9_xgy1t")]
transform = Transform3D(0.932928, -0.165293, -0.319879, 1.49012e-08, 0.888401, -0.459068, 0.360062, 0.428278, 0.828815, -27.4418, -6.44875, -7.90344)

[node name="hause_10" parent="Node3D2" instance=ExtResource("10_6v6ex")]
transform = Transform3D(0.875677, 0.413311, 0.249726, -0.472711, 0.839338, 0.268432, -0.0986585, -0.353108, 0.930366, 2.23868, -7.44763, -26.4813)

[node name="hause_11" parent="Node3D2" instance=ExtResource("11_m1hgg")]
transform = Transform3D(0.45331, 0.158276, -0.877188, -0.329641, 0.944106, -1.49012e-08, 0.828159, 0.289157, 0.480147, -22.6965, -8.01907, 24.4621)

[node name="Node3D3" type="Node3D" parent="."]
transform = Transform3D(-1.42532, 0, 3.73744, -0.11557, 3.99809, -0.0440742, -3.73565, -0.123689, -1.42464, 238.161, -28.8652, -9.26987)

[node name="hause_01" parent="Node3D3" instance=ExtResource("1_qxaj6")]
transform = Transform3D(0.928168, 0.202977, -0.311937, 0, 0.838176, 0.5454, 0.372162, -0.506223, 0.777968, -20.631, -1.8955, 8.7971)

[node name="hause_02" parent="Node3D3" instance=ExtResource("2_oblid")]
transform = Transform3D(0.868047, 0.0669026, 0.491954, -0.337424, 0.806363, 0.485719, -0.364198, -0.587624, 0.722535, 14.4678, -6.72431, 12.6641)

[node name="hause_03" parent="Node3D3" instance=ExtResource("3_mcaep")]
transform = Transform3D(0.80159, -0.535657, 0.265566, 0.597812, 0.724508, -0.343086, -0.00862843, 0.433773, 0.900981, -2.82825, -6.09048, 26.3323)

[node name="hause_04" parent="Node3D3" instance=ExtResource("4_b34xh")]
transform = Transform3D(0.652079, 0.618392, 0.438615, -0.523541, 0.78573, -0.329443, -0.548358, -0.0148098, 0.836112, 13.5285, -6.94665, 26.1769)

[node name="hause_05" parent="Node3D3" instance=ExtResource("5_krb5r")]
transform = Transform3D(0.955577, 0.0572084, 0.289136, 3.72529e-09, 0.980982, -0.194097, -0.294741, 0.185475, 0.937404, -19.1171, -6.70047, -22.9614)

[node name="hause_06" parent="Node3D3" instance=ExtResource("6_0h8hk")]
transform = Transform3D(0.930213, 0, 0.367021, 0, 1, 0, -0.367021, 0, 0.930213, -2.92627, -5.73222, -7.2767)

[node name="hause_07" parent="Node3D3" instance=ExtResource("7_k860l")]
transform = Transform3D(0.927601, 0.25709, 0.271037, -0.267087, 0.963672, 0, -0.261191, -0.0723905, 0.962569, -2.77673, -5.65289, 14.177)

[node name="hause_08" parent="Node3D3" instance=ExtResource("8_71861")]
transform = Transform3D(0.703758, 0.343068, -0.622116, -0.613693, 0.734728, -0.289061, 0.357918, 0.585217, 0.727609, 16.4499, -7.26571, -8.65683)

[node name="hause_09" parent="Node3D3" instance=ExtResource("9_xgy1t")]
transform = Transform3D(0.932928, -0.165293, -0.319879, 1.49012e-08, 0.888401, -0.459068, 0.360062, 0.428278, 0.828815, -27.4418, -6.44875, -7.90344)

[node name="hause_10" parent="Node3D3" instance=ExtResource("10_6v6ex")]
transform = Transform3D(0.875677, 0.413311, 0.249726, -0.472711, 0.839338, 0.268432, -0.0986585, -0.353108, 0.930366, 2.23868, -7.44763, -26.4813)

[node name="hause_11" parent="Node3D3" instance=ExtResource("11_m1hgg")]
transform = Transform3D(0.45331, 0.158276, -0.877188, -0.329641, 0.944106, -1.49012e-08, 0.828159, 0.289157, 0.480147, -22.6965, -8.01907, 24.4621)

[node name="Node3D4" type="Node3D" parent="."]
transform = Transform3D(-1.01752, -0.0281808, 3.86831, 0.245742, 3.99134, 0.0937169, -3.8606, 0.261492, -1.01359, -145.349, -23.0282, -246.617)

[node name="hause_01" parent="Node3D4" instance=ExtResource("1_qxaj6")]
transform = Transform3D(0.928168, 0.202977, -0.311937, 0, 0.838176, 0.5454, 0.372162, -0.506223, 0.777968, -20.631, -1.8955, 8.7971)

[node name="hause_02" parent="Node3D4" instance=ExtResource("2_oblid")]
transform = Transform3D(0.868047, 0.0669026, 0.491954, -0.337424, 0.806363, 0.485719, -0.364198, -0.587624, 0.722535, 14.4678, -6.72431, 12.6641)

[node name="hause_03" parent="Node3D4" instance=ExtResource("3_mcaep")]
transform = Transform3D(0.80159, -0.535657, 0.265566, 0.597812, 0.724508, -0.343086, -0.00862843, 0.433773, 0.900981, -2.82825, -6.09048, 26.3323)

[node name="hause_04" parent="Node3D4" instance=ExtResource("4_b34xh")]
transform = Transform3D(0.652079, 0.618392, 0.438615, -0.523541, 0.78573, -0.329443, -0.548358, -0.0148098, 0.836112, 13.5285, -6.94665, 26.1769)

[node name="hause_05" parent="Node3D4" instance=ExtResource("5_krb5r")]
transform = Transform3D(0.955577, 0.0572084, 0.289136, 3.72529e-09, 0.980982, -0.194097, -0.294741, 0.185475, 0.937404, -19.1171, -6.70047, -22.9614)

[node name="hause_06" parent="Node3D4" instance=ExtResource("6_0h8hk")]
transform = Transform3D(0.930213, 0, 0.367021, 0, 1, 0, -0.367021, 0, 0.930213, -2.92627, -5.73222, -7.2767)

[node name="hause_07" parent="Node3D4" instance=ExtResource("7_k860l")]
transform = Transform3D(0.927601, 0.25709, 0.271037, -0.267087, 0.963672, 0, -0.261191, -0.0723905, 0.962569, -2.77673, -5.65289, 14.177)

[node name="hause_08" parent="Node3D4" instance=ExtResource("8_71861")]
transform = Transform3D(0.703758, 0.343068, -0.622116, -0.613693, 0.734728, -0.289061, 0.357918, 0.585217, 0.727609, 16.4499, -7.26571, -8.65683)

[node name="hause_09" parent="Node3D4" instance=ExtResource("9_xgy1t")]
transform = Transform3D(0.932928, -0.165293, -0.319879, 1.49012e-08, 0.888401, -0.459068, 0.360062, 0.428278, 0.828815, -27.4418, -6.44875, -7.90344)

[node name="hause_10" parent="Node3D4" instance=ExtResource("10_6v6ex")]
transform = Transform3D(0.875677, 0.413311, 0.249726, -0.472711, 0.839338, 0.268432, -0.0986585, -0.353108, 0.930366, 2.23868, -7.44763, -26.4813)

[node name="hause_11" parent="Node3D4" instance=ExtResource("11_m1hgg")]
transform = Transform3D(0.45331, 0.158276, -0.877188, -0.329641, 0.944106, -1.49012e-08, 0.828159, 0.289157, 0.480147, -22.6965, -8.01907, 24.4621)

[node name="Node3D5" type="Node3D" parent="."]
transform = Transform3D(-3.99871, 0, 0.101637, 0, 4, 0, -0.101637, 0, -3.99871, 136.612, -23.0282, -246.034)

[node name="hause_01" parent="Node3D5" instance=ExtResource("1_qxaj6")]
transform = Transform3D(0.928168, 0.202977, -0.311937, 0, 0.838176, 0.5454, 0.372162, -0.506223, 0.777968, -20.631, -1.8955, 8.7971)

[node name="hause_02" parent="Node3D5" instance=ExtResource("2_oblid")]
transform = Transform3D(0.868047, 0.0669026, 0.491954, -0.337424, 0.806363, 0.485719, -0.364198, -0.587624, 0.722535, 14.4678, -6.72431, 12.6641)

[node name="hause_03" parent="Node3D5" instance=ExtResource("3_mcaep")]
transform = Transform3D(0.80159, -0.535657, 0.265566, 0.597812, 0.724508, -0.343086, -0.00862843, 0.433773, 0.900981, -2.82825, -6.09048, 26.3323)

[node name="hause_04" parent="Node3D5" instance=ExtResource("4_b34xh")]
transform = Transform3D(0.652079, 0.618392, 0.438615, -0.523541, 0.78573, -0.329443, -0.548358, -0.0148098, 0.836112, 13.5285, -6.94665, 26.1769)

[node name="hause_05" parent="Node3D5" instance=ExtResource("5_krb5r")]
transform = Transform3D(0.955577, 0.0572084, 0.289136, 3.72529e-09, 0.980982, -0.194097, -0.294741, 0.185475, 0.937404, -19.1171, -6.70047, -22.9614)

[node name="hause_06" parent="Node3D5" instance=ExtResource("6_0h8hk")]
transform = Transform3D(0.930213, 0, 0.367021, 0, 1, 0, -0.367021, 0, 0.930213, -2.92627, -5.73222, -7.2767)

[node name="hause_07" parent="Node3D5" instance=ExtResource("7_k860l")]
transform = Transform3D(0.927601, 0.25709, 0.271037, -0.267087, 0.963672, 0, -0.261191, -0.0723905, 0.962569, -2.77673, -5.65289, 14.177)

[node name="hause_08" parent="Node3D5" instance=ExtResource("8_71861")]
transform = Transform3D(0.703758, 0.343068, -0.622116, -0.613693, 0.734728, -0.289061, 0.357918, 0.585217, 0.727609, 16.4499, -7.26571, -8.65683)

[node name="hause_09" parent="Node3D5" instance=ExtResource("9_xgy1t")]
transform = Transform3D(0.932928, -0.165293, -0.319879, 1.49012e-08, 0.888401, -0.459068, 0.360062, 0.428278, 0.828815, -27.4418, -6.44875, -7.90344)

[node name="hause_10" parent="Node3D5" instance=ExtResource("10_6v6ex")]
transform = Transform3D(0.875677, 0.413311, 0.249726, -0.472711, 0.839338, 0.268432, -0.0986585, -0.353108, 0.930366, 2.23868, -7.44763, -26.4813)

[node name="hause_11" parent="Node3D5" instance=ExtResource("11_m1hgg")]
transform = Transform3D(0.45331, 0.158276, -0.877188, -0.329641, 0.944106, -1.49012e-08, 0.828159, 0.289157, 0.480147, -22.6965, -8.01907, 24.4621)

[node name="Node3D6" type="Node3D" parent="."]
transform = Transform3D(-3.99625, 0, 0.173152, 0, 4, 0, -0.173152, 0, -3.99625, 68.8551, -23.0282, 242.748)

[node name="hause_01" parent="Node3D6" instance=ExtResource("1_qxaj6")]
transform = Transform3D(0.928168, 0.202977, -0.311937, 0, 0.838176, 0.5454, 0.372162, -0.506223, 0.777968, -20.631, -1.8955, 8.7971)

[node name="hause_02" parent="Node3D6" instance=ExtResource("2_oblid")]
transform = Transform3D(0.868047, 0.0669026, 0.491954, -0.337424, 0.806363, 0.485719, -0.364198, -0.587624, 0.722535, 14.4678, -6.72431, 12.6641)

[node name="hause_03" parent="Node3D6" instance=ExtResource("3_mcaep")]
transform = Transform3D(0.80159, -0.535657, 0.265566, 0.597812, 0.724508, -0.343086, -0.00862843, 0.433773, 0.900981, -2.82825, -6.09048, 26.3323)

[node name="hause_04" parent="Node3D6" instance=ExtResource("4_b34xh")]
transform = Transform3D(0.652079, 0.618392, 0.438615, -0.523541, 0.78573, -0.329443, -0.548358, -0.0148098, 0.836112, 13.5285, -6.94665, 26.1769)

[node name="hause_05" parent="Node3D6" instance=ExtResource("5_krb5r")]
transform = Transform3D(0.955577, 0.0572084, 0.289136, 3.72529e-09, 0.980982, -0.194097, -0.294741, 0.185475, 0.937404, -19.1171, -6.70047, -22.9614)

[node name="hause_06" parent="Node3D6" instance=ExtResource("6_0h8hk")]
transform = Transform3D(0.930213, 0, 0.367021, 0, 1, 0, -0.367021, 0, 0.930213, -2.92627, -5.73222, -7.2767)

[node name="hause_07" parent="Node3D6" instance=ExtResource("7_k860l")]
transform = Transform3D(0.927601, 0.25709, 0.271037, -0.267087, 0.963672, 0, -0.261191, -0.0723905, 0.962569, -2.77673, -5.65289, 14.177)

[node name="hause_08" parent="Node3D6" instance=ExtResource("8_71861")]
transform = Transform3D(0.703758, 0.343068, -0.622116, -0.613693, 0.734728, -0.289061, 0.357918, 0.585217, 0.727609, 16.4499, -7.26571, -8.65683)

[node name="hause_09" parent="Node3D6" instance=ExtResource("9_xgy1t")]
transform = Transform3D(0.932928, -0.165293, -0.319879, 1.49012e-08, 0.888401, -0.459068, 0.360062, 0.428278, 0.828815, -27.4418, -6.44875, -7.90344)

[node name="hause_10" parent="Node3D6" instance=ExtResource("10_6v6ex")]
transform = Transform3D(0.875677, 0.413311, 0.249726, -0.472711, 0.839338, 0.268432, -0.0986585, -0.353108, 0.930366, 2.23868, -7.44763, -26.4813)

[node name="hause_11" parent="Node3D6" instance=ExtResource("11_m1hgg")]
transform = Transform3D(0.45331, 0.158276, -0.877188, -0.329641, 0.944106, -1.49012e-08, 0.828159, 0.289157, 0.480147, -22.6965, -8.01907, 24.4621)

[node name="Node3D7" type="Node3D" parent="."]
transform = Transform3D(2.56607, 0, -3.06844, 0, 4, 0, 3.06844, 0, 2.56607, -234.514, -23.0282, 214.133)

[node name="hause_01" parent="Node3D7" instance=ExtResource("1_qxaj6")]
transform = Transform3D(0.928168, 0.202977, -0.311937, 0, 0.838176, 0.5454, 0.372162, -0.506223, 0.777968, -20.631, -1.8955, 8.7971)

[node name="hause_02" parent="Node3D7" instance=ExtResource("2_oblid")]
transform = Transform3D(0.868047, 0.0669026, 0.491954, -0.337424, 0.806363, 0.485719, -0.364198, -0.587624, 0.722535, 14.4678, -6.72431, 12.6641)

[node name="hause_03" parent="Node3D7" instance=ExtResource("3_mcaep")]
transform = Transform3D(0.80159, -0.535657, 0.265566, 0.597812, 0.724508, -0.343086, -0.00862843, 0.433773, 0.900981, -2.82825, -6.09048, 26.3323)

[node name="hause_04" parent="Node3D7" instance=ExtResource("4_b34xh")]
transform = Transform3D(0.652079, 0.618392, 0.438615, -0.523541, 0.78573, -0.329443, -0.548358, -0.0148098, 0.836112, 13.5285, -6.94665, 26.1769)

[node name="hause_05" parent="Node3D7" instance=ExtResource("5_krb5r")]
transform = Transform3D(0.955577, 0.0572084, 0.289136, 3.72529e-09, 0.980982, -0.194097, -0.294741, 0.185475, 0.937404, -19.1171, -6.70047, -22.9614)

[node name="hause_06" parent="Node3D7" instance=ExtResource("6_0h8hk")]
transform = Transform3D(0.930213, 0, 0.367021, 0, 1, 0, -0.367021, 0, 0.930213, -2.92627, -5.73222, -7.2767)

[node name="hause_07" parent="Node3D7" instance=ExtResource("7_k860l")]
transform = Transform3D(0.927601, 0.25709, 0.271037, -0.267087, 0.963672, 0, -0.261191, -0.0723905, 0.962569, -2.77673, -5.65289, 14.177)

[node name="hause_08" parent="Node3D7" instance=ExtResource("8_71861")]
transform = Transform3D(0.703758, 0.343068, -0.622116, -0.613693, 0.734728, -0.289061, 0.357918, 0.585217, 0.727609, 16.4499, -7.26571, -8.65683)

[node name="hause_09" parent="Node3D7" instance=ExtResource("9_xgy1t")]
transform = Transform3D(0.932928, -0.165293, -0.319879, 1.49012e-08, 0.888401, -0.459068, 0.360062, 0.428278, 0.828815, -27.4418, -6.44875, -7.90344)

[node name="hause_10" parent="Node3D7" instance=ExtResource("10_6v6ex")]
transform = Transform3D(0.875677, 0.413311, 0.249726, -0.472711, 0.839338, 0.268432, -0.0986585, -0.353108, 0.930366, 2.23868, -7.44763, -26.4813)

[node name="hause_11" parent="Node3D7" instance=ExtResource("11_m1hgg")]
transform = Transform3D(0.45331, 0.158276, -0.877188, -0.329641, 0.944106, -1.49012e-08, 0.828159, 0.289157, 0.480147, -22.6965, -8.01907, 24.4621)
