[gd_scene load_steps=7 format=3 uid="uid://bsooagmcbjwpj"]

[ext_resource type="PackedScene" uid="uid://cmh4o14bim8px" path="res://models/environment/building_02.glb" id="1_6258w"]
[ext_resource type="PackedScene" uid="uid://f1yh1mymjvkl" path="res://models/environment/building_03.glb" id="2_3njco"]
[ext_resource type="PackedScene" uid="uid://cbkh0l1rgv8np" path="res://models/environment/building_04.glb" id="3_njg06"]
[ext_resource type="PackedScene" uid="uid://daoeevgoe7o6m" path="res://models/environment/building_05.glb" id="4_ogjd6"]
[ext_resource type="PackedScene" uid="uid://bvq3pxvjpck8o" path="res://models/environment/building_06.glb" id="5_u0g48"]
[ext_resource type="PackedScene" uid="uid://h4hdmubkvsbt" path="res://models/environment/building_07.glb" id="6_3l5g4"]

[node name="LevelTemple" type="Node3D"]
transform = Transform3D(1, 0, 0, 0, 1, 0, 0, 0, 1, 0, -87.8132, 0)

[node name="building_02" parent="." instance=ExtResource("1_6258w")]
transform = Transform3D(0.888307, -0.22773, 0.398809, 0.288865, 0.952164, -0.0997068, -0.357025, 0.203772, 0.911597, 1, 0, -32.8763)

[node name="building_03" parent="." instance=ExtResource("2_3njco")]
transform = Transform3D(0.922187, 0.282809, 0.263799, -0.318248, 0.942491, 0.102121, -0.219747, -0.178128, 0.959157, -26.6279, 16.848, 81.8625)

[node name="building_04" parent="." instance=ExtResource("3_njg06")]
transform = Transform3D(0.797984, 0.224626, -0.559254, -0.602679, 0.297419, -0.740487, 0, 0.927947, 0.372712, 66.5162, 48.2526, -90.7409)

[node name="building_05" parent="." instance=ExtResource("4_ogjd6")]
transform = Transform3D(0.882628, -0.389193, -0.263622, 0.470072, 0.730765, 0.494989, 0, -0.560812, 0.827943, 104.585, 8.46119, 56.9086)

[node name="building_06" parent="." instance=ExtResource("5_u0g48")]
transform = Transform3D(0.911698, 0.301574, -0.279036, -0.410862, 0.669188, -0.619176, 0, 0.679147, 0.734003, -128.873, -14.1187, 7.34816)

[node name="building_07" parent="." instance=ExtResource("6_3l5g4")]
transform = Transform3D(0.428635, -0.824172, -0.370152, 0.887188, 0.461408, 0, 0.170791, -0.328395, 0.928971, -78.0472, 7.17091, -89.9888)

[node name="building_08" parent="." instance=ExtResource("1_6258w")]
transform = Transform3D(0.491032, -0.236757, -0.838351, 0.288865, 0.952164, -0.0997068, 0.821854, -0.193211, 0.535934, -327.951, 0, -77.0594)

[node name="building_09" parent="." instance=ExtResource("2_3njco")]
transform = Transform3D(0.360707, 0.220005, -0.90636, -0.318248, 0.942491, 0.102121, 0.876703, 0.251611, 0.409979, -445.593, 16.848, -86.4781)

[node name="building_10" parent="." instance=ExtResource("3_njg06")]
transform = Transform3D(0.124296, -0.881633, -0.455274, -0.602679, 0.297419, -0.740487, 0.788244, 0.366423, -0.494374, -260.588, 48.2526, -21.3559)

[node name="building_11" parent="." instance=ExtResource("4_ogjd6")]
transform = Transform3D(0.13748, 0.493346, -0.8589, 0.470072, 0.730765, 0.494989, 0.871855, -0.471796, -0.131443, -400.505, 8.46119, 39.2463)

[node name="building_12" parent="." instance=ExtResource("5_u0g48")]
transform = Transform3D(0.142008, -0.623884, -0.768507, -0.410862, 0.669188, -0.619176, 0.90057, 0.403678, -0.1613, -387.914, -14.1187, -199.081)

[node name="building_13" parent="." instance=ExtResource("6_3l5g4")]
transform = Transform3D(-0.101941, 0.196012, -0.975288, 0.887188, 0.461408, -1.10314e-08, 0.450006, -0.865264, -0.220936, -283.848, 7.17091, -164.038)

[node name="building_14" parent="." instance=ExtResource("1_6258w")]
transform = Transform3D(0.905775, -0.238083, 0.350553, 0.288865, 0.952164, -0.0997068, -0.310046, 0.191574, 0.93122, -115.2, 0, 177.751)

[node name="building_15" parent="." instance=ExtResource("2_3njco")]
transform = Transform3D(0.932424, 0.291744, 0.213239, -0.318248, 0.942491, 0.102121, -0.171182, -0.163083, 0.971648, -148.795, 16.848, 290.887)

[node name="building_16" parent="." instance=ExtResource("3_njg06")]
transform = Transform3D(0.79689, 0.175753, -0.577994, -0.602679, 0.297418, -0.740487, 0.0417632, 0.938431, 0.342933, -46.7453, 48.2526, 123.394)

[node name="building_17" parent="." instance=ExtResource("4_ogjd6")]
transform = Transform3D(0.881418, -0.359309, -0.306592, 0.470072, 0.730765, 0.494989, 0.0461931, -0.580413, 0.813011, -16.4562, 8.46119, 272.834)

[node name="building_18" parent="." instance=ExtResource("5_u0g48")]
transform = Transform3D(0.910448, 0.265617, -0.317068, -0.410862, 0.669188, -0.619176, 0.0477145, 0.693999, 0.718393, -247, -14.1187, 211.123)

[node name="building_19" parent="." instance=ExtResource("6_3l5g4")]
transform = Transform3D(0.419109, -0.805856, -0.418263, 0.887188, 0.461408, -1.47963e-08, 0.19299, -0.371078, 0.908326, -191.15, 7.17091, 116.58)

[node name="building_20" parent="." instance=ExtResource("1_6258w")]
transform = Transform3D(0.905775, -0.238083, 0.350553, 0.288865, 0.952164, -0.0997068, -0.310046, 0.191574, 0.93122, 71.3716, 0, -254.128)

[node name="building_21" parent="." instance=ExtResource("2_3njco")]
transform = Transform3D(0.932424, 0.291744, 0.213239, -0.318248, 0.942491, 0.102121, -0.171182, -0.163083, 0.971648, 37.7765, 16.848, -140.992)

[node name="building_22" parent="." instance=ExtResource("3_njg06")]
transform = Transform3D(0.79689, 0.175753, -0.577994, -0.602679, 0.297418, -0.740487, 0.0417632, 0.938431, 0.342933, 139.826, 48.2526, -308.484)

[node name="building_23" parent="." instance=ExtResource("4_ogjd6")]
transform = Transform3D(0.881418, -0.359309, -0.306592, 0.470072, 0.730765, 0.494989, 0.0461931, -0.580413, 0.813011, 170.115, 8.46119, -159.045)

[node name="building_24" parent="." instance=ExtResource("5_u0g48")]
transform = Transform3D(0.910448, 0.265617, -0.317068, -0.410862, 0.669188, -0.619176, 0.0477145, 0.693999, 0.718393, -60.4282, -14.1187, -220.756)

[node name="building_25" parent="." instance=ExtResource("6_3l5g4")]
transform = Transform3D(0.419109, -0.805856, -0.418263, 0.887188, 0.461408, -1.47963e-08, 0.19299, -0.371078, 0.908326, -4.57825, 7.17091, -315.299)

[node name="building_26" parent="." instance=ExtResource("1_6258w")]
transform = Transform3D(0.905775, -0.238083, 0.350553, 0.288865, 0.952164, -0.0997068, -0.310046, 0.191574, 0.93122, 240.668, 0.00012207, 233.031)

[node name="building_27" parent="." instance=ExtResource("2_3njco")]
transform = Transform3D(0.932424, 0.291744, 0.213239, -0.318248, 0.942491, 0.102121, -0.171182, -0.163083, 0.971648, 207.073, 16.8481, 346.167)

[node name="building_28" parent="." instance=ExtResource("3_njg06")]
transform = Transform3D(0.79689, 0.175753, -0.577994, -0.602679, 0.297418, -0.740487, 0.0417632, 0.938431, 0.342933, 309.123, 48.2527, 178.675)

[node name="building_29" parent="." instance=ExtResource("4_ogjd6")]
transform = Transform3D(0.881418, -0.359309, -0.306592, 0.470072, 0.730765, 0.494989, 0.0461931, -0.580413, 0.813011, 339.412, 8.46131, 328.114)

[node name="building_30" parent="." instance=ExtResource("5_u0g48")]
transform = Transform3D(0.910448, 0.265617, -0.317068, -0.410862, 0.669188, -0.619176, 0.0477145, 0.693999, 0.718393, 108.868, -14.1185, 266.404)

[node name="building_31" parent="." instance=ExtResource("6_3l5g4")]
transform = Transform3D(0.419109, -0.805856, -0.418263, 0.887188, 0.461408, -1.47963e-08, 0.19299, -0.371078, 0.908326, 164.718, 7.17104, 171.86)
